pytest -v -m focus tests
============================= test session starts ==============================
platform darwin -- Python 3.9.7, pytest-6.2.5, py-1.10.0, pluggy-1.0.0 -- /opt/anaconda3/envs/prml/bin/python
cachedir: .pytest_cache
rootdir: /Users/jon/src/ml
collecting ... collected 25 items / 24 deselected / 1 selected

tests/logistic_regression/test_logistic_regression.py::test_logistic_regression FAILED [100%]

=================================== FAILURES ===================================
___________________________ test_logistic_regression ___________________________

    @pytest.mark.focus
    def test_logistic_regression() -> None:
        means = [
            np.array([-1., 1.]),
            np.array([1., 1.]),
           ]
        covariances = [
            np.array([
                [1., 0.],
                [0., 1.],
            ]),
            np.array([
                [1., 0.],
                [0., 1.],
            ])
           ]
        data = gaussian_class_data(means, covariances, n_train=10, n_test=10)
        class_1 = data.x_train[data.y_train[:,0] == 1.]
        class_2 = data.x_train[data.y_train[:,1] == 1.]
        model = PolynomialBasisLogisticRegression(m_degrees=2, k_classes=len(data.y_train[1,:]))
        model.fit(data.x_train, data.y_train)
>       assert False
E       assert False

tests/logistic_regression/test_logistic_regression.py:30: AssertionError
----------------------------- Captured stdout call -----------------------------
top of fit
phi: [[ 1.          1.54507607  1.774782  ]
 [ 1.          0.0544842   0.35842369]
 [ 1.         -1.12129707  1.37479114]
 [ 1.         -1.5493442   0.73379228]
 [ 1.         -1.27784505  1.6185918 ]
 [ 1.          1.20900397  1.277794  ]
 [ 1.         -1.69903996  1.51836603]
 [ 1.          1.80436377  0.9300554 ]
 [ 1.          0.29909027  2.00922327]
 [ 1.          0.97638837  1.51222122]]
Q: 
[[-0.40238752  0.36607419 -0.16014814  0.02743244 -0.18187135 -0.37980824
  -0.1161936  -0.37301428 -0.43089906 -0.40252691]
 [-0.08126362  0.01013794  0.70371323 -0.57896347 -0.102994   -0.11305511
  -0.18301517 -0.25317642  0.20456523 -0.00731   ]
 [-0.31169957 -0.29060945  0.05127433 -0.04877539 -0.43738002  0.21025572
  -0.4683863   0.49788829 -0.32896092  0.04877418]
 [-0.16636908 -0.39062792  0.44580336  0.73259181 -0.0122611  -0.12845489
  -0.03846314 -0.23358582  0.09030897 -0.05874792]
 [-0.36697529 -0.33166816 -0.10341061 -0.18926168  0.80125371 -0.0365512
  -0.22155889  0.01012823 -0.11379081 -0.05769631]
 [-0.28970789  0.28748801  0.14568275  0.08300715  0.08313126  0.84899566
   0.11838641 -0.2144717  -0.04843376 -0.12346099]
 [-0.3442516  -0.43505456 -0.0468563  -0.24367057 -0.20926955 -0.0350507
   0.75858834  0.00221795 -0.08867415 -0.04796791]
 [-0.21086685  0.43820892  0.37170528  0.13421153  0.21332863 -0.2085411
   0.26333697  0.65432851  0.02818904 -0.14158138]
 [-0.45554122  0.05526185 -0.32476918  0.01525111 -0.16297426 -0.0404263
  -0.15090684  0.0442215   0.78864749 -0.09398158]
 [-0.34285841  0.22767602 -0.00424453  0.06817708  0.00903669 -0.11736384
   0.03821221 -0.13453627 -0.10095203  0.88449883]]
 R: 
[[-4.41062887 -0.16679075 -2.97192106]
 [ 0.          4.03732798 -0.06311317]
 [ 0.          0.          1.07875017]
 [ 0.          0.          0.        ]
 [ 0.          0.          0.        ]
 [ 0.          0.          0.        ]
 [ 0.          0.          0.        ]
 [ 0.          0.          0.        ]
 [ 0.          0.          0.        ]
 [ 0.          0.          0.        ]]
 P: 
[2 1 0]
permuted phi: [[ 1.774782    1.54507607  1.        ]
 [ 0.35842369  0.0544842   1.        ]
 [ 1.37479114 -1.12129707  1.        ]
 [ 0.73379228 -1.5493442   1.        ]
 [ 1.6185918  -1.27784505  1.        ]
 [ 1.277794    1.20900397  1.        ]
 [ 1.51836603 -1.69903996  1.        ]
 [ 0.9300554   1.80436377  1.        ]
 [ 2.00922327  0.29909027  1.        ]
 [ 1.51222122  0.97638837  1.        ]]
np.diag(R) [4.41062887 4.03732798 1.07875017], True
phi.shape: (10, 3)
before np.ones
before loop
q: 0
W_old: [[inf inf]
 [inf inf]
 [inf inf]]
W_new: [[0.97146364 0.52453053]
 [0.2863885  0.36635393]
 [0.57809648 0.16164418]]
W_new - W_old: [[-inf -inf]
 [-inf -inf]
 [-inf -inf]]
A:
[[2.4 1.4]
 [1.2 0.6]
 [1.4 0.3]
 [1.  0.1]
 [1.5 0.3]
 [2.1 1.2]
 [1.4 0.1]
 [2.  1.3]
 [2.2 1. ]
 [2.1 1.1]]
S:
[[0.7 0.3]
 [0.6 0.4]
 [0.8 0.2]
 [0.7 0.3]
 [0.8 0.2]
 [0.7 0.3]
 [0.8 0.2]
 [0.7 0.3]
 [0.8 0.2]
 [0.7 0.3]]
y:
[[1. 0.]
 [0. 1.]
 [1. 0.]
 [1. 0.]
 [0. 1.]
 [0. 1.]
 [1. 0.]
 [0. 1.]
 [1. 0.]
 [0. 1.]]
S - y:
[[-0.3  0.3]
 [ 0.6 -0.6]
 [-0.2  0.2]
 [-0.3  0.3]
 [ 0.8 -0.8]
 [ 0.7 -0.7]
 [-0.2  0.2]
 [ 0.7 -0.7]
 [-0.2  0.2]
 [ 0.7 -0.7]]
phi_n.shape: (3,)
S[n,c]: 0.7431665739691854, S[n,r]: 0.7431665739691854, product: 0.19087001730408867
S[n,c]: 0.25683342603081466, S[n,r]: 0.7431665739691854, product: -0.19087001730408873
S[n,c]: 0.7431665739691854, S[n,r]: 0.25683342603081466, product: -0.19087001730408873
S[n,c]: 0.25683342603081466, S[n,r]: 0.25683342603081466, product: 0.1908700173040887
phi_n.shape: (3,)
S[n,c]: 0.6437878161692319, S[n,r]: 0.6437878161692319, product: 0.22932506392128318
S[n,c]: 0.3562121838307681, S[n,r]: 0.6437878161692319, product: -0.22932506392128316
S[n,c]: 0.6437878161692319, S[n,r]: 0.3562121838307681, product: -0.22932506392128316
S[n,c]: 0.3562121838307681, S[n,r]: 0.3562121838307681, product: 0.22932506392128316
phi_n.shape: (3,)
S[n,c]: 0.7519674477187531, S[n,r]: 0.7519674477187531, product: 0.1865124052900974
S[n,c]: 0.2480325522812467, S[n,r]: 0.7519674477187531, product: -0.1865124052900973
S[n,c]: 0.7519674477187531, S[n,r]: 0.2480325522812467, product: -0.1865124052900973
S[n,c]: 0.2480325522812467, S[n,r]: 0.2480325522812467, product: 0.18651240529009733
phi_n.shape: (3,)
S[n,c]: 0.7060790943549028, S[n,r]: 0.7060790943549028, product: 0.20753140686986307
S[n,c]: 0.2939209056450972, S[n,r]: 0.7060790943549028, product: -0.20753140686986307
S[n,c]: 0.7060790943549028, S[n,r]: 0.2939209056450972, product: -0.20753140686986307
S[n,c]: 0.2939209056450972, S[n,r]: 0.2939209056450972, product: 0.20753140686986307
phi_n.shape: (3,)
S[n,c]: 0.7726231799254346, S[n,r]: 0.7726231799254346, product: 0.17567660176734412
S[n,c]: 0.22737682007456544, S[n,r]: 0.7726231799254346, product: -0.17567660176734415
S[n,c]: 0.7726231799254346, S[n,r]: 0.22737682007456544, product: -0.17567660176734415
S[n,c]: 0.22737682007456544, S[n,r]: 0.22737682007456544, product: 0.17567660176734415
phi_n.shape: (3,)
S[n,c]: 0.7073182444106102, S[n,r]: 0.7073182444106102, product: 0.20701914553450249
S[n,c]: 0.29268175558938997, S[n,r]: 0.7073182444106102, product: -0.20701914553450262
S[n,c]: 0.7073182444106102, S[n,r]: 0.29268175558938997, product: -0.20701914553450262
S[n,c]: 0.29268175558938997, S[n,r]: 0.29268175558938997, product: 0.20701914553450257
phi_n.shape: (3,)
S[n,c]: 0.7712044302347835, S[n,r]: 0.7712044302347835, product: 0.17644815702102648
S[n,c]: 0.22879556976521667, S[n,r]: 0.7712044302347835, product: -0.17644815702102656
S[n,c]: 0.7712044302347835, S[n,r]: 0.22879556976521667, product: -0.17644815702102656
S[n,c]: 0.22879556976521667, S[n,r]: 0.22879556976521667, product: 0.17644815702102654
phi_n.shape: (3,)
S[n,c]: 0.6659602742490437, S[n,r]: 0.6659602742490437, product: 0.2224571873711822
S[n,c]: 0.33403972575095625, S[n,r]: 0.6659602742490437, product: -0.22245718737118217
S[n,c]: 0.6659602742490437, S[n,r]: 0.33403972575095625, product: -0.22245718737118217
S[n,c]: 0.33403972575095625, S[n,r]: 0.33403972575095625, product: 0.2224571873711822
phi_n.shape: (3,)
S[n,c]: 0.7789851143482622, S[n,r]: 0.7789851143482622, product: 0.17216730597208704
S[n,c]: 0.22101488565173805, S[n,r]: 0.7789851143482622, product: -0.17216730597208726
S[n,c]: 0.7789851143482622, S[n,r]: 0.22101488565173805, product: -0.17216730597208726
S[n,c]: 0.22101488565173805, S[n,r]: 0.22101488565173805, product: 0.1721673059720872
phi_n.shape: (3,)
S[n,c]: 0.730787915044953, S[n,r]: 0.730787915044953, product: 0.19673693826920355
S[n,c]: 0.2692120849550468, S[n,r]: 0.730787915044953, product: -0.1967369382692034
S[n,c]: 0.730787915044953, S[n,r]: 0.2692120849550468, product: -0.1967369382692034
S[n,c]: 0.2692120849550468, S[n,r]: 0.2692120849550468, product: 0.19673693826920347
del_w:
[ 2.3  2.5  2.3 -2.3 -2.5 -2.3]
H:
[[ 1.9647442293  0.1477158308  2.4967680091 -1.9647442293 -0.1477158308
  -2.4967680091]
 [ 0.1477158308  3.2150479399  0.272949564  -0.1477158308 -3.2150479399
  -0.272949564 ]
 [ 2.4967680091  0.272949564   3.6373451527 -2.4967680091 -0.272949564
  -3.6373451527]
 [-1.9647442293 -0.1477158308 -2.4967680091  1.9647442293  0.1477158308
   2.4967680091]
 [-0.1477158308 -3.2150479399 -0.272949564   0.1477158308  3.2150479399
   0.272949564 ]
 [-2.4967680091 -0.272949564  -3.6373451527  2.4967680091  0.272949564
   3.6373451527]]
H_inv:
[[ 0.8  0.  -0.2  0.2 -0.   0.2]
 [ 0.   0.6 -0.  -0.   0.4  0. ]
 [-0.2 -0.   0.7  0.2  0.   0.3]
 [ 0.2 -0.   0.2  0.8  0.  -0.2]
 [-0.   0.4  0.   0.   0.6 -0. ]
 [ 0.2  0.   0.3 -0.2 -0.   0.7]]
q: 1
W_old: [[0.97146364 0.52453053]
 [0.2863885  0.36635393]
 [0.57809648 0.16164418]]
W_new: [[ 0.50630963  0.98968454]
 [-0.0302315   0.68297392]
 [ 0.60105232  0.13868834]]
W_new - W_old: [[-0.46515401  0.46515401]
 [-0.31662     0.31662   ]
 [ 0.02295584 -0.02295584]]
A:
[[1.5 2.3]
 [0.7 1.1]
 [1.4 0.4]
 [1.  0. ]
 [1.5 0.3]
 [1.2 2. ]
 [1.5 0. ]
 [1.  2.4]
 [1.7 1.5]
 [1.4 1.9]]
S:
[[0.3 0.7]
 [0.4 0.6]
 [0.7 0.3]
 [0.7 0.3]
 [0.8 0.2]
 [0.3 0.7]
 [0.8 0.2]
 [0.2 0.8]
 [0.6 0.4]
 [0.4 0.6]]
y:
[[1. 0.]
 [0. 1.]
 [1. 0.]
 [1. 0.]
 [0. 1.]
 [0. 1.]
 [1. 0.]
 [0. 1.]
 [1. 0.]
 [0. 1.]]
S - y:
[[-0.7  0.7]
 [ 0.4 -0.4]
 [-0.3  0.3]
 [-0.3  0.3]
 [ 0.8 -0.8]
 [ 0.3 -0.3]
 [-0.2  0.2]
 [ 0.2 -0.2]
 [-0.4  0.4]
 [ 0.4 -0.4]]
phi_n.shape: (3,)
S[n,c]: 0.3176188520313544, S[n,r]: 0.3176188520313544, product: 0.216737116865639
S[n,c]: 0.6823811479686457, S[n,r]: 0.3176188520313544, product: -0.21673711686563904
S[n,c]: 0.3176188520313544, S[n,r]: 0.6823811479686457, product: -0.21673711686563904
S[n,c]: 0.6823811479686457, S[n,r]: 0.6823811479686457, product: 0.21673711686563896
phi_n.shape: (3,)
S[n,c]: 0.411804381676967, S[n,r]: 0.411804381676967, product: 0.2422215329086179
S[n,c]: 0.588195618323033, S[n,r]: 0.411804381676967, product: -0.2422215329086179
S[n,c]: 0.411804381676967, S[n,r]: 0.588195618323033, product: -0.2422215329086179
S[n,c]: 0.588195618323033, S[n,r]: 0.588195618323033, product: 0.2422215329086179
phi_n.shape: (3,)
S[n,c]: 0.721516038037025, S[n,r]: 0.721516038037025, product: 0.20093064489237927
S[n,c]: 0.278483961962975, S[n,r]: 0.721516038037025, product: -0.20093064489237927
S[n,c]: 0.721516038037025, S[n,r]: 0.278483961962975, product: -0.20093064489237927
S[n,c]: 0.278483961962975, S[n,r]: 0.278483961962975, product: 0.20093064489237927
phi_n.shape: (3,)
S[n,c]: 0.7233029419346214, S[n,r]: 0.7233029419346214, product: 0.2001357961233431
S[n,c]: 0.2766970580653786, S[n,r]: 0.7233029419346214, product: -0.2001357961233431
S[n,c]: 0.7233029419346214, S[n,r]: 0.2766970580653786, product: -0.2001357961233431
S[n,c]: 0.2766970580653786, S[n,r]: 0.2766970580653786, product: 0.2001357961233431
phi_n.shape: (3,)
S[n,c]: 0.7642944288900889, S[n,r]: 0.7642944288900889, product: 0.18014845485766173
S[n,c]: 0.23570557110991114, S[n,r]: 0.7642944288900889, product: -0.1801484548576618
S[n,c]: 0.7642944288900889, S[n,r]: 0.23570557110991114, product: -0.1801484548576618
S[n,c]: 0.23570557110991114, S[n,r]: 0.23570557110991114, product: 0.18014845485766176
phi_n.shape: (3,)
S[n,c]: 0.3197682173458927, S[n,r]: 0.3197682173458927, product: 0.21751650452132265
S[n,c]: 0.6802317826541074, S[n,r]: 0.3197682173458927, product: -0.21751650452132268
S[n,c]: 0.3197682173458927, S[n,r]: 0.6802317826541074, product: -0.21751650452132268
S[n,c]: 0.6802317826541074, S[n,r]: 0.6802317826541074, product: 0.21751650452132257
phi_n.shape: (3,)
S[n,c]: 0.8069678936782214, S[n,r]: 0.8069678936782214, product: 0.15577071225075614
S[n,c]: 0.1930321063217786, S[n,r]: 0.8069678936782214, product: -0.15577071225075617
S[n,c]: 0.8069678936782214, S[n,r]: 0.1930321063217786, product: -0.15577071225075617
S[n,c]: 0.1930321063217786, S[n,r]: 0.1930321063217786, product: 0.15577071225075617
phi_n.shape: (3,)
S[n,c]: 0.20747177289317617, S[n,r]: 0.20747177289317617, product: 0.1644272363457385
S[n,c]: 0.7925282271068238, S[n,r]: 0.20747177289317617, product: -0.1644272363457385
S[n,c]: 0.20747177289317617, S[n,r]: 0.7925282271068238, product: -0.1644272363457385
S[n,c]: 0.7925282271068238, S[n,r]: 0.7925282271068238, product: 0.16442723634573853
phi_n.shape: (3,)
S[n,c]: 0.5578164125571756, S[n,r]: 0.5578164125571756, product: 0.24665726243901848
S[n,c]: 0.4421835874428242, S[n,r]: 0.5578164125571756, product: -0.24665726243901837
S[n,c]: 0.5578164125571756, S[n,r]: 0.4421835874428242, product: -0.24665726243901837
S[n,c]: 0.4421835874428242, S[n,r]: 0.4421835874428242, product: 0.24665726243901848
phi_n.shape: (3,)
S[n,c]: 0.38212372880993434, S[n,r]: 0.38212372880993434, product: 0.23610518469032607
S[n,c]: 0.6178762711900656, S[n,r]: 0.38212372880993434, product: -0.23610518469032607
S[n,c]: 0.38212372880993434, S[n,r]: 0.6178762711900656, product: -0.23610518469032607
S[n,c]: 0.6178762711900656, S[n,r]: 0.6178762711900656, product: 0.2361051846903261
del_w:
[ 0.2  0.1 -0.4 -0.2 -0.1  0.4]
H:
[[ 2.0606504459  0.181795934   2.7061791173 -2.0606504459 -0.181795934
  -2.7061791173]
 [ 0.181795934   3.0954333592  0.3961340926 -0.181795934  -3.0954333592
  -0.3961340926]
 [ 2.7061791173  0.3961340926  4.0654791988 -2.7061791173 -0.3961340926
  -4.0654791988]
 [-2.0606504459 -0.181795934  -2.7061791173  2.0606504459  0.181795934
   2.7061791173]
 [-0.181795934  -3.0954333592 -0.3961340926  0.181795934   3.0954333592
   0.3961340926]
 [-2.7061791173 -0.3961340926 -4.0654791988  2.7061791173  0.3961340926
   4.0654791988]]
H_inv:
[[ 0.8  0.  -0.2  0.2 -0.   0.2]
 [ 0.   0.6 -0.  -0.   0.4  0. ]
 [-0.2 -0.   0.6  0.2  0.   0.4]
 [ 0.2 -0.   0.2  0.8  0.  -0.2]
 [-0.   0.4  0.   0.   0.6 -0. ]
 [ 0.2  0.   0.4 -0.2 -0.   0.6]]
q: 2
W_old: [[ 0.50630963  0.98968454]
 [-0.0302315   0.68297392]
 [ 0.60105232  0.13868834]]
W_new: [[ 0.26577759  1.23021658]
 [-0.04759311  0.70033554]
 [ 0.7905196  -0.05077894]]
W_new - W_old: [[-0.24053204  0.24053204]
 [-0.01736161  0.01736161]
 [ 0.18946728 -0.18946728]]
A:
[[ 1.6  2.2]
 [ 0.5  1.3]
 [ 1.4  0.4]
 [ 0.9  0.1]
 [ 1.6  0.3]
 [ 1.2  2. ]
 [ 1.5 -0. ]
 [ 0.9  2.4]
 [ 1.8  1.3]
 [ 1.4  1.8]]
S:
[[0.3 0.7]
 [0.3 0.7]
 [0.7 0.3]
 [0.7 0.3]
 [0.8 0.2]
 [0.3 0.7]
 [0.8 0.2]
 [0.2 0.8]
 [0.6 0.4]
 [0.4 0.6]]
y:
[[1. 0.]
 [0. 1.]
 [1. 0.]
 [1. 0.]
 [0. 1.]
 [0. 1.]
 [1. 0.]
 [0. 1.]
 [1. 0.]
 [0. 1.]]
S - y:
[[-0.7  0.7]
 [ 0.3 -0.3]
 [-0.3  0.3]
 [-0.3  0.3]
 [ 0.8 -0.8]
 [ 0.3 -0.3]
 [-0.2  0.2]
 [ 0.2 -0.2]
 [-0.4  0.4]
 [ 0.4 -0.4]]
phi_n.shape: (3,)
S[n,c]: 0.34820830676239467, S[n,r]: 0.34820830676239467, product: 0.22695928186406072
S[n,c]: 0.6517916932376057, S[n,r]: 0.34820830676239467, product: -0.22695928186406084
S[n,c]: 0.34820830676239467, S[n,r]: 0.6517916932376057, product: -0.22695928186406084
S[n,c]: 0.6517916932376057, S[n,r]: 0.6517916932376057, product: 0.2269592818640606
phi_n.shape: (3,)
S[n,c]: 0.3310039251729124, S[n,r]: 0.3310039251729124, product: 0.2214403266930374
S[n,c]: 0.6689960748270876, S[n,r]: 0.3310039251729124, product: -0.2214403266930374
S[n,c]: 0.3310039251729124, S[n,r]: 0.6689960748270876, product: -0.2214403266930374
S[n,c]: 0.6689960748270876, S[n,r]: 0.6689960748270876, product: 0.22144032669303743
phi_n.shape: (3,)
S[n,c]: 0.7370750321964306, S[n,r]: 0.7370750321964306, product: 0.19379542910906142
S[n,c]: 0.26292496780356933, S[n,r]: 0.7370750321964306, product: -0.19379542910906133
S[n,c]: 0.7370750321964306, S[n,r]: 0.26292496780356933, product: -0.19379542910906133
S[n,c]: 0.26292496780356933, S[n,r]: 0.26292496780356933, product: 0.19379542910906136
phi_n.shape: (3,)
S[n,c]: 0.6924712839685175, S[n,r]: 0.6924712839685175, product: 0.21295480484751028
S[n,c]: 0.3075287160314825, S[n,r]: 0.6924712839685175, product: -0.2129548048475103
S[n,c]: 0.6924712839685175, S[n,r]: 0.3075287160314825, product: -0.2129548048475103
S[n,c]: 0.3075287160314825, S[n,r]: 0.3075287160314825, product: 0.21295480484751028
phi_n.shape: (3,)
S[n,c]: 0.7946224093802519, S[n,r]: 0.7946224093802519, product: 0.16319763589097527
S[n,c]: 0.20537759061974814, S[n,r]: 0.7946224093802519, product: -0.16319763589097527
S[n,c]: 0.7946224093802519, S[n,r]: 0.20537759061974814, product: -0.16319763589097527
S[n,c]: 0.20537759061974814, S[n,r]: 0.20537759061974814, product: 0.16319763589097527
phi_n.shape: (3,)
S[n,c]: 0.31137873552667195, S[n,r]: 0.31137873552667195, product: 0.21442201858848284
S[n,c]: 0.6886212644733279, S[n,r]: 0.31137873552667195, product: -0.2144220185884828
S[n,c]: 0.31137873552667195, S[n,r]: 0.6886212644733279, product: -0.2144220185884828
S[n,c]: 0.6886212644733279, S[n,r]: 0.6886212644733279, product: 0.21442201858848287
phi_n.shape: (3,)
S[n,c]: 0.8297308288632642, S[n,r]: 0.8297308288632642, product: 0.14127758049714476
S[n,c]: 0.1702691711367358, S[n,r]: 0.8297308288632642, product: -0.14127758049714476
S[n,c]: 0.8297308288632642, S[n,r]: 0.1702691711367358, product: -0.14127758049714476
S[n,c]: 0.1702691711367358, S[n,r]: 0.1702691711367358, product: 0.14127758049714476
phi_n.shape: (3,)
S[n,c]: 0.17777138714854124, S[n,r]: 0.17777138714854124, product: 0.1461687210598247
S[n,c]: 0.8222286128514588, S[n,r]: 0.17777138714854124, product: -0.1461687210598247
S[n,c]: 0.17777138714854124, S[n,r]: 0.8222286128514588, product: -0.1461687210598247
S[n,c]: 0.8222286128514588, S[n,r]: 0.8222286128514588, product: 0.1461687210598247
phi_n.shape: (3,)
S[n,c]: 0.6229807664512512, S[n,r]: 0.6229807664512512, product: 0.2348757310830628
S[n,c]: 0.3770192335487487, S[n,r]: 0.6229807664512512, product: -0.23487573108306276
S[n,c]: 0.6229807664512512, S[n,r]: 0.3770192335487487, product: -0.23487573108306276
S[n,c]: 0.3770192335487487, S[n,r]: 0.3770192335487487, product: 0.23487573108306276
phi_n.shape: (3,)
S[n,c]: 0.39592386422049825, S[n,r]: 0.39592386422049825, product: 0.2391681579612067
S[n,c]: 0.6040761357795019, S[n,r]: 0.39592386422049825, product: -0.23916815796120677
S[n,c]: 0.39592386422049825, S[n,r]: 0.6040761357795019, product: -0.23916815796120677
S[n,c]: 0.6040761357795019, S[n,r]: 0.6040761357795019, product: 0.2391681579612067
del_w:
[ 0.2  0.  -0.2 -0.2 -0.   0.2]
H:
[[ 1.9942596876  0.1936629398  2.6270520978 -1.9942596876 -0.1936629398
  -2.6270520978]
 [ 0.1936629398  3.0099566152  0.4546543431 -0.1936629398 -3.0099566152
  -0.4546543431]
 [ 2.6270520978  0.4546543431  3.9491993197 -2.6270520978 -0.4546543431
  -3.9491993197]
 [-1.9942596876 -0.1936629398 -2.6270520978  1.9942596876  0.1936629398
   2.6270520978]
 [-0.1936629398 -3.0099566152 -0.4546543431  0.1936629398  3.0099566152
   0.4546543431]
 [-2.6270520978 -0.4546543431 -3.9491993197  2.6270520978  0.4546543431
   3.9491993197]]
H_inv:
[[ 0.8  0.  -0.2  0.2 -0.   0.2]
 [ 0.   0.6 -0.  -0.   0.4  0. ]
 [-0.2 -0.   0.7  0.2  0.   0.3]
 [ 0.2 -0.   0.2  0.8  0.  -0.2]
 [-0.   0.4  0.   0.   0.6 -0. ]
 [ 0.2  0.   0.3 -0.2 -0.   0.7]]
q: 3
W_old: [[ 0.26577759  1.23021658]
 [-0.04759311  0.70033554]
 [ 0.7905196  -0.05077894]]
W_new: [[ 0.07657467  1.4194195 ]
 [-0.05845232  0.71119475]
 [ 0.92505861 -0.18531795]]
W_new - W_old: [[-0.18920292  0.18920292]
 [-0.01085921  0.01085921]
 [ 0.13453901 -0.13453901]]
A:
[[ 1.6  2.2]
 [ 0.4  1.4]
 [ 1.4  0.4]
 [ 0.8  0.2]
 [ 1.6  0.2]
 [ 1.2  2. ]
 [ 1.6 -0.1]
 [ 0.8  2.5]
 [ 1.9  1.3]
 [ 1.4  1.8]]
S:
[[0.4 0.6]
 [0.3 0.7]
 [0.7 0.3]
 [0.7 0.3]
 [0.8 0.2]
 [0.3 0.7]
 [0.8 0.2]
 [0.2 0.8]
 [0.7 0.3]
 [0.4 0.6]]
y:
[[1. 0.]
 [0. 1.]
 [1. 0.]
 [1. 0.]
 [0. 1.]
 [0. 1.]
 [1. 0.]
 [0. 1.]
 [1. 0.]
 [0. 1.]]
S - y:
[[-0.6  0.6]
 [ 0.3 -0.3]
 [-0.3  0.3]
 [-0.3  0.3]
 [ 0.8 -0.8]
 [ 0.3 -0.3]
 [-0.2  0.2]
 [ 0.2 -0.2]
 [-0.3  0.3]
 [ 0.4 -0.4]]
phi_n.shape: (3,)
S[n,c]: 0.3632393667537261, S[n,r]: 0.3632393667537261, product: 0.23129652919407814
S[n,c]: 0.6367606332462737, S[n,r]: 0.3632393667537261, product: -0.2312965291940781
S[n,c]: 0.3632393667537261, S[n,r]: 0.6367606332462737, product: -0.2312965291940781
S[n,c]: 0.6367606332462737, S[n,r]: 0.6367606332462737, product: 0.2312965291940782
phi_n.shape: (3,)
S[n,c]: 0.27154594900040807, S[n,r]: 0.27154594900040807, product: 0.19780874658187586
S[n,c]: 0.728454050999592, S[n,r]: 0.27154594900040807, product: -0.1978087465818759
S[n,c]: 0.27154594900040807, S[n,r]: 0.728454050999592, product: -0.1978087465818759
S[n,c]: 0.728454050999592, S[n,r]: 0.728454050999592, product: 0.1978087465818758
phi_n.shape: (3,)
S[n,c]: 0.7401395559532834, S[n,r]: 0.7401395559532834, product: 0.19233299366655987
S[n,c]: 0.25986044404671654, S[n,r]: 0.7401395559532834, product: -0.19233299366655984
S[n,c]: 0.7401395559532834, S[n,r]: 0.25986044404671654, product: -0.19233299366655984
S[n,c]: 0.25986044404671654, S[n,r]: 0.25986044404671654, product: 0.19233299366655987
phi_n.shape: (3,)
S[n,c]: 0.6602456570104559, S[n,r]: 0.6602456570104559, product: 0.2243213294092873
S[n,c]: 0.33975434298954404, S[n,r]: 0.6602456570104559, product: -0.22432132940928728
S[n,c]: 0.6602456570104559, S[n,r]: 0.33975434298954404, product: -0.22432132940928728
S[n,c]: 0.33975434298954404, S[n,r]: 0.33975434298954404, product: 0.22432132940928734
phi_n.shape: (3,)
S[n,c]: 0.8081278877708681, S[n,r]: 0.8081278877708681, product: 0.15505720477786333
S[n,c]: 0.191872112229132, S[n,r]: 0.8081278877708681, product: -0.1550572047778634
S[n,c]: 0.8081278877708681, S[n,r]: 0.191872112229132, product: -0.1550572047778634
S[n,c]: 0.191872112229132, S[n,r]: 0.191872112229132, product: 0.15505720477786336
phi_n.shape: (3,)
S[n,c]: 0.2984858184290742, S[n,r]: 0.2984858184290742, product: 0.20939203462579994
S[n,c]: 0.7015141815709256, S[n,r]: 0.2984858184290742, product: -0.20939203462579986
S[n,c]: 0.2984858184290742, S[n,r]: 0.7015141815709256, product: -0.20939203462579986
S[n,c]: 0.7015141815709256, S[n,r]: 0.7015141815709256, product: 0.20939203462580003
phi_n.shape: (3,)
S[n,c]: 0.8389956773436135, S[n,r]: 0.8389956773436135, product: 0.1350819307423447
S[n,c]: 0.16100432265638656, S[n,r]: 0.8389956773436135, product: -0.13508193074234473
S[n,c]: 0.8389956773436135, S[n,r]: 0.16100432265638656, product: -0.13508193074234473
S[n,c]: 0.16100432265638656, S[n,r]: 0.16100432265638656, product: 0.13508193074234473
phi_n.shape: (3,)
S[n,c]: 0.1546146832608367, S[n,r]: 0.1546146832608367, product: 0.13070898298098782
S[n,c]: 0.8453853167391632, S[n,r]: 0.1546146832608367, product: -0.13070898298098782
S[n,c]: 0.1546146832608367, S[n,r]: 0.8453853167391632, product: -0.13070898298098782
S[n,c]: 0.8453853167391632, S[n,r]: 0.8453853167391632, product: 0.13070898298098793
phi_n.shape: (3,)
S[n,c]: 0.6588010014436119, S[n,r]: 0.6588010014436119, product: 0.22478224194050597
S[n,c]: 0.34119899855638836, S[n,r]: 0.6588010014436119, product: -0.22478224194050614
S[n,c]: 0.6588010014436119, S[n,r]: 0.34119899855638836, product: -0.22478224194050614
S[n,c]: 0.34119899855638836, S[n,r]: 0.34119899855638836, product: 0.22478224194050606
phi_n.shape: (3,)
S[n,c]: 0.3976696796527183, S[n,r]: 0.3976696796527183, product: 0.2395285055376227
S[n,c]: 0.602330320347282, S[n,r]: 0.3976696796527183, product: -0.2395285055376228
S[n,c]: 0.3976696796527183, S[n,r]: 0.602330320347282, product: -0.2395285055376228
S[n,c]: 0.602330320347282, S[n,r]: 0.602330320347282, product: 0.23952850553762264
del_w:
[ 0.2  0.  -0.1 -0.2 -0.   0.1]
H:
[[ 1.9403104995  0.1673915139  2.5694856295 -1.9403104995 -0.1673915139
  -2.5694856295]
 [ 0.1673915139  2.9562648479  0.448990426  -0.1673915139 -2.9562648479
  -0.448990426 ]
 [ 2.5694856295  0.448990426   3.8660624479 -2.5694856295 -0.448990426
  -3.8660624479]
 [-1.9403104995 -0.1673915139 -2.5694856295  1.9403104995  0.1673915139
   2.5694856295]
 [-0.1673915139 -2.9562648479 -0.448990426   0.1673915139  2.9562648479
   0.448990426 ]
 [-2.5694856295 -0.448990426  -3.8660624479  2.5694856295  0.448990426
   3.8660624479]]
H_inv:
[[ 0.8  0.  -0.2  0.2 -0.   0.2]
 [ 0.   0.6 -0.  -0.   0.4  0. ]
 [-0.2 -0.   0.7  0.2  0.   0.3]
 [ 0.2 -0.   0.2  0.8  0.  -0.2]
 [-0.   0.4  0.   0.   0.6 -0. ]
 [ 0.2  0.   0.3 -0.2 -0.   0.7]]
q: 4
W_old: [[ 0.07657467  1.4194195 ]
 [-0.05845232  0.71119475]
 [ 0.92505861 -0.18531795]]
W_new: [[-0.07039732  1.56639149]
 [-0.06696038  0.71970281]
 [ 1.02786083 -0.28812017]]
W_new - W_old: [[-0.14697199  0.14697199]
 [-0.00850806  0.00850806]
 [ 0.10280222 -0.10280222]]
A:
[[ 1.7  2.2]
 [ 0.3  1.5]
 [ 1.4  0.4]
 [ 0.8  0.2]
 [ 1.7  0.2]
 [ 1.2  2.1]
 [ 1.6 -0.1]
 [ 0.8  2.6]
 [ 2.   1.2]
 [ 1.4  1.8]]
S:
[[0.4 0.6]
 [0.2 0.8]
 [0.7 0.3]
 [0.6 0.4]
 [0.8 0.2]
 [0.3 0.7]
 [0.8 0.2]
 [0.1 0.9]
 [0.7 0.3]
 [0.4 0.6]]
y:
[[1. 0.]
 [0. 1.]
 [1. 0.]
 [1. 0.]
 [0. 1.]
 [0. 1.]
 [1. 0.]
 [0. 1.]
 [1. 0.]
 [0. 1.]]
S - y:
[[-0.6  0.6]
 [ 0.2 -0.2]
 [-0.3  0.3]
 [-0.4  0.4]
 [ 0.8 -0.8]
 [ 0.3 -0.3]
 [-0.2  0.2]
 [ 0.1 -0.1]
 [-0.3  0.3]
 [ 0.4 -0.4]]
phi_n.shape: (3,)
S[n,c]: 0.373632656784641, S[n,r]: 0.373632656784641, product: 0.23403129456869165
S[n,c]: 0.6263673432153588, S[n,r]: 0.373632656784641, product: -0.2340312945686916
S[n,c]: 0.373632656784641, S[n,r]: 0.6263673432153588, product: -0.2340312945686916
S[n,c]: 0.6263673432153588, S[n,r]: 0.6263673432153588, product: 0.2340312945686917
phi_n.shape: (3,)
S[n,c]: 0.23006029723157978, S[n,r]: 0.23006029723157978, product: 0.17713255686929696
S[n,c]: 0.7699397027684203, S[n,r]: 0.23006029723157978, product: -0.17713255686929696
S[n,c]: 0.23006029723157978, S[n,r]: 0.7699397027684203, product: -0.17713255686929696
S[n,c]: 0.7699397027684203, S[n,r]: 0.7699397027684203, product: 0.1771325568692969
phi_n.shape: (3,)
S[n,c]: 0.7416368066023348, S[n,r]: 0.7416368066023348, product: 0.19161165369502586
S[n,c]: 0.2583631933976652, S[n,r]: 0.7416368066023348, product: -0.19161165369502586
S[n,c]: 0.7416368066023348, S[n,r]: 0.2583631933976652, product: -0.19161165369502586
S[n,c]: 0.2583631933976652, S[n,r]: 0.2583631933976652, product: 0.19161165369502586
phi_n.shape: (3,)
S[n,c]: 0.6335971489982938, S[n,r]: 0.6335971489982938, product: 0.23215180177952768
S[n,c]: 0.3664028510017064, S[n,r]: 0.6335971489982938, product: -0.2321518017795278
S[n,c]: 0.6335971489982938, S[n,r]: 0.3664028510017064, product: -0.2321518017795278
S[n,c]: 0.3664028510017064, S[n,r]: 0.3664028510017064, product: 0.23215180177952777
phi_n.shape: (3,)
S[n,c]: 0.8173477967557908, S[n,r]: 0.8173477967557908, product: 0.14929037589424526
S[n,c]: 0.1826522032442092, S[n,r]: 0.8173477967557908, product: -0.1492903758942453
S[n,c]: 0.8173477967557908, S[n,r]: 0.1826522032442092, product: -0.1492903758942453
S[n,c]: 0.1826522032442092, S[n,r]: 0.1826522032442092, product: 0.1492903758942453
phi_n.shape: (3,)
S[n,c]: 0.28775447314936314, S[n,r]: 0.28775447314936314, product: 0.2049518363318956
S[n,c]: 0.7122455268506368, S[n,r]: 0.28775447314936314, product: -0.20495183633189556
S[n,c]: 0.28775447314936314, S[n,r]: 0.7122455268506368, product: -0.20495183633189556
S[n,c]: 0.7122455268506368, S[n,r]: 0.7122455268506368, product: 0.20495183633189562
phi_n.shape: (3,)
S[n,c]: 0.845263430657608, S[n,r]: 0.845263430657608, product: 0.1307931634505391
S[n,c]: 0.15473656934239205, S[n,r]: 0.845263430657608, product: -0.13079316345053915
S[n,c]: 0.845263430657608, S[n,r]: 0.15473656934239205, product: -0.13079316345053915
S[n,c]: 0.15473656934239205, S[n,r]: 0.15473656934239205, product: 0.13079316345053915
phi_n.shape: (3,)
S[n,c]: 0.1379668691662484, S[n,r]: 0.1379668691662484, product: 0.1189320121787117
S[n,c]: 0.8620331308337519, S[n,r]: 0.1379668691662484, product: -0.11893201217871173
S[n,c]: 0.1379668691662484, S[n,r]: 0.8620331308337519, product: -0.11893201217871173
S[n,c]: 0.8620331308337519, S[n,r]: 0.8620331308337519, product: 0.1189320121787115
phi_n.shape: (3,)
S[n,c]: 0.6839593251941402, S[n,r]: 0.6839593251941402, product: 0.2161589666741166
S[n,c]: 0.31604067480585957, S[n,r]: 0.6839593251941402, product: -0.2161589666741164
S[n,c]: 0.6839593251941402, S[n,r]: 0.31604067480585957, product: -0.2161589666741164
S[n,c]: 0.31604067480585957, S[n,r]: 0.31604067480585957, product: 0.2161589666741165
phi_n.shape: (3,)
S[n,c]: 0.39775617220451076, S[n,r]: 0.39775617220451076, product: 0.23954619967772633
S[n,c]: 0.6022438277954894, S[n,r]: 0.39775617220451076, product: -0.2395461996777264
S[n,c]: 0.39775617220451076, S[n,r]: 0.6022438277954894, product: -0.2395461996777264
S[n,c]: 0.6022438277954894, S[n,r]: 0.6022438277954894, product: 0.2395461996777263
del_w:
[ 0.1  0.  -0.1 -0.1 -0.   0.1]
H:
[[ 1.8945998611  0.1446430308  2.5219103716 -1.8945998611 -0.1446430308
  -2.5219103716]
 [ 0.1446430308  2.913237443   0.4395079569 -0.1446430308 -2.913237443
  -0.4395079569]
 [ 2.5219103716  0.4395079569  3.7976692549 -2.5219103716 -0.4395079569
  -3.7976692549]
 [-1.8945998611 -0.1446430308 -2.5219103716  1.8945998611  0.1446430308
   2.5219103716]
 [-0.1446430308 -2.913237443  -0.4395079569  0.1446430308  2.913237443
   0.4395079569]
 [-2.5219103716 -0.4395079569 -3.7976692549  2.5219103716  0.4395079569
   3.7976692549]]
H_inv:
[[ 0.8  0.  -0.2  0.2 -0.   0.2]
 [ 0.   0.6 -0.  -0.   0.4  0. ]
 [-0.2 -0.   0.7  0.2  0.   0.3]
 [ 0.2 -0.   0.2  0.8  0.  -0.2]
 [-0.   0.4  0.   0.   0.6 -0. ]
 [ 0.2  0.   0.3 -0.2 -0.   0.7]]
q: 5
W_old: [[-0.07039732  1.56639149]
 [-0.06696038  0.71970281]
 [ 1.02786083 -0.28812017]]
W_new: [[-0.1856685   1.68166267]
 [-0.07406994  0.72681237]
 [ 1.10818454 -0.36844388]]
W_new - W_old: [[-0.11527118  0.11527118]
 [-0.00710956  0.00710956]
 [ 0.08032371 -0.08032371]]
A:
[[ 1.7  2.2]
 [ 0.2  1.6]
 [ 1.4  0.4]
 [ 0.7  0.3]
 [ 1.7  0.2]
 [ 1.1  2.1]
 [ 1.6 -0.1]
 [ 0.7  2.7]
 [ 2.   1.2]
 [ 1.4  1.8]]
S:
[[0.4 0.6]
 [0.2 0.8]
 [0.7 0.3]
 [0.6 0.4]
 [0.8 0.2]
 [0.3 0.7]
 [0.9 0.1]
 [0.1 0.9]
 [0.7 0.3]
 [0.4 0.6]]
y:
[[1. 0.]
 [0. 1.]
 [1. 0.]
 [1. 0.]
 [0. 1.]
 [0. 1.]
 [1. 0.]
 [0. 1.]
 [1. 0.]
 [0. 1.]]
S - y:
[[-0.6  0.6]
 [ 0.2 -0.2]
 [-0.3  0.3]
 [-0.4  0.4]
 [ 0.8 -0.8]
 [ 0.3 -0.3]
 [-0.1  0.1]
 [ 0.1 -0.1]
 [-0.3  0.3]
 [ 0.4 -0.4]]
phi_n.shape: (3,)
S[n,c]: 0.3812934680333279, S[n,r]: 0.3812934680333279, product: 0.23590875926844543
S[n,c]: 0.618706531966672, S[n,r]: 0.3812934680333279, product: -0.23590875926844543
S[n,c]: 0.3812934680333279, S[n,r]: 0.618706531966672, product: -0.23590875926844543
S[n,c]: 0.618706531966672, S[n,r]: 0.618706531966672, product: 0.23590875926844548
phi_n.shape: (3,)
S[n,c]: 0.2007348278507246, S[n,r]: 0.2007348278507246, product: 0.16044035673846457
S[n,c]: 0.7992651721492754, S[n,r]: 0.2007348278507246, product: -0.16044035673846457
S[n,c]: 0.2007348278507246, S[n,r]: 0.7992651721492754, product: -0.16044035673846457
S[n,c]: 0.7992651721492754, S[n,r]: 0.7992651721492754, product: 0.16044035673846457
phi_n.shape: (3,)
S[n,c]: 0.7428341307841819, S[n,r]: 0.7428341307841819, product: 0.19103158492629083
S[n,c]: 0.257165869215818, S[n,r]: 0.7428341307841819, product: -0.1910315849262908
S[n,c]: 0.7428341307841819, S[n,r]: 0.257165869215818, product: -0.1910315849262908
S[n,c]: 0.257165869215818, S[n,r]: 0.257165869215818, product: 0.1910315849262908
phi_n.shape: (3,)
S[n,c]: 0.6123140591937194, S[n,r]: 0.6123140591937194, product: 0.2373855521074297
S[n,c]: 0.3876859408062806, S[n,r]: 0.6123140591937194, product: -0.2373855521074297
S[n,c]: 0.6123140591937194, S[n,r]: 0.3876859408062806, product: -0.2373855521074297
S[n,c]: 0.3876859408062806, S[n,r]: 0.3876859408062806, product: 0.2373855521074297
phi_n.shape: (3,)
S[n,c]: 0.8243542232053217, S[n,r]: 0.8243542232053217, product: 0.14479433788887236
S[n,c]: 0.17564577679467813, S[n,r]: 0.8243542232053217, product: -0.14479433788887222
S[n,c]: 0.8243542232053217, S[n,r]: 0.17564577679467813, product: -0.14479433788887222
S[n,c]: 0.17564577679467813, S[n,r]: 0.17564577679467813, product: 0.14479433788887222
phi_n.shape: (3,)
S[n,c]: 0.27913142326927803, S[n,r]: 0.27913142326927803, product: 0.20121707181294518
S[n,c]: 0.720868576730722, S[n,r]: 0.27913142326927803, product: -0.2012170718129452
S[n,c]: 0.27913142326927803, S[n,r]: 0.720868576730722, product: -0.2012170718129452
S[n,c]: 0.720868576730722, S[n,r]: 0.720868576730722, product: 0.20121707181294515
phi_n.shape: (3,)
S[n,c]: 0.8501097784944497, S[n,r]: 0.8501097784944497, product: 0.12742314300256738
S[n,c]: 0.14989022150555037, S[n,r]: 0.8501097784944497, product: -0.12742314300256743
S[n,c]: 0.8501097784944497, S[n,r]: 0.14989022150555037, product: -0.12742314300256743
S[n,c]: 0.14989022150555037, S[n,r]: 0.14989022150555037, product: 0.1274231430025674
phi_n.shape: (3,)
S[n,c]: 0.1257502870813206, S[n,r]: 0.1257502870813206, product: 0.10993715238028605
S[n,c]: 0.8742497129186794, S[n,r]: 0.1257502870813206, product: -0.10993715238028605
S[n,c]: 0.1257502870813206, S[n,r]: 0.8742497129186794, product: -0.10993715238028605
S[n,c]: 0.8742497129186794, S[n,r]: 0.8742497129186794, product: 0.10993715238028608
phi_n.shape: (3,)
S[n,c]: 0.702662517834259, S[n,r]: 0.702662517834259, product: 0.20892790386507865
S[n,c]: 0.297337482165741, S[n,r]: 0.702662517834259, product: -0.20892790386507867
S[n,c]: 0.702662517834259, S[n,r]: 0.297337482165741, product: -0.20892790386507867
S[n,c]: 0.297337482165741, S[n,r]: 0.297337482165741, product: 0.20892790386507865
phi_n.shape: (3,)
S[n,c]: 0.39739899189112377, S[n,r]: 0.39739899189112377, product: 0.23947303313504228
S[n,c]: 0.6026010081088765, S[n,r]: 0.39739899189112377, product: -0.23947303313504242
S[n,c]: 0.39739899189112377, S[n,r]: 0.6026010081088765, product: -0.23947303313504242
S[n,c]: 0.6026010081088765, S[n,r]: 0.6026010081088765, product: 0.23947303313504226
del_w:
[ 0.1  0.  -0.1 -0.1 -0.   0.1]
H:
[[ 1.8565388951  0.1276674596  2.4821309783 -1.8565388951 -0.1276674596
  -2.4821309783]
 [ 0.1276674596  2.8769736231  0.4319494064 -0.1276674596 -2.8769736231
  -0.4319494064]
 [ 2.4821309783  0.4319494064  3.7403745738 -2.4821309783 -0.4319494064
  -3.7403745738]
 [-1.8565388951 -0.1276674596 -2.4821309783  1.8565388951  0.1276674596
   2.4821309783]
 [-0.1276674596 -2.8769736231 -0.4319494064  0.1276674596  2.8769736231
   0.4319494064]
 [-2.4821309783 -0.4319494064 -3.7403745738  2.4821309783  0.4319494064
   3.7403745738]]
H_inv:
[[ 0.8  0.  -0.2  0.2 -0.   0.2]
 [ 0.   0.6 -0.  -0.   0.4  0. ]
 [-0.2 -0.   0.7  0.2  0.   0.3]
 [ 0.2 -0.   0.2  0.8  0.  -0.2]
 [-0.   0.4  0.   0.   0.6 -0. ]
 [ 0.2  0.   0.3 -0.2 -0.   0.7]]
q: 6
W_old: [[-0.1856685   1.68166267]
 [-0.07406994  0.72681237]
 [ 1.10818454 -0.36844388]]
W_new: [[-0.27700857  1.77300274]
 [-0.08003753  0.73277995]
 [ 1.17172528 -0.43198462]]
W_new - W_old: [[-0.09134007  0.09134007]
 [-0.00596758  0.00596758]
 [ 0.06354074 -0.06354074]]
A:
[[ 1.7  2.1]
 [ 0.1  1.7]
 [ 1.4  0.4]
 [ 0.7  0.3]
 [ 1.7  0.1]
 [ 1.1  2.1]
 [ 1.6 -0.1]
 [ 0.7  2.7]
 [ 2.1  1.1]
 [ 1.4  1.8]]
S:
[[0.4 0.6]
 [0.2 0.8]
 [0.7 0.3]
 [0.6 0.4]
 [0.8 0.2]
 [0.3 0.7]
 [0.9 0.1]
 [0.1 0.9]
 [0.7 0.3]
 [0.4 0.6]]
y:
[[1. 0.]
 [0. 1.]
 [1. 0.]
 [1. 0.]
 [0. 1.]
 [0. 1.]
 [1. 0.]
 [0. 1.]
 [1. 0.]
 [0. 1.]]
S - y:
[[-0.6  0.6]
 [ 0.2 -0.2]
 [-0.3  0.3]
 [-0.4  0.4]
 [ 0.8 -0.8]
 [ 0.3 -0.3]
 [-0.1  0.1]
 [ 0.1 -0.1]
 [-0.3  0.3]
 [ 0.4 -0.4]]
phi_n.shape: (3,)
S[n,c]: 0.38707106663121765, S[n,r]: 0.38707106663121765, product: 0.23724705600818913
S[n,c]: 0.6129289333687823, S[n,r]: 0.38707106663121765, product: -0.2372470560081891
S[n,c]: 0.38707106663121765, S[n,r]: 0.6129289333687823, product: -0.2372470560081891
S[n,c]: 0.6129289333687823, S[n,r]: 0.6129289333687823, product: 0.23724705600818913
phi_n.shape: (3,)
S[n,c]: 0.17953671977857982, S[n,r]: 0.17953671977857982, product: 0.14730328602972753
S[n,c]: 0.8204632802214202, S[n,r]: 0.17953671977857982, product: -0.14730328602972753
S[n,c]: 0.17953671977857982, S[n,r]: 0.8204632802214202, product: -0.14730328602972753
S[n,c]: 0.8204632802214202, S[n,r]: 0.8204632802214202, product: 0.1473032860297275
phi_n.shape: (3,)
S[n,c]: 0.7438668674965764, S[n,r]: 0.7438668674965764, product: 0.19052895093740727
S[n,c]: 0.2561331325034237, S[n,r]: 0.7438668674965764, product: -0.1905289509374073
S[n,c]: 0.7438668674965764, S[n,r]: 0.2561331325034237, product: -0.1905289509374073
S[n,c]: 0.2561331325034237, S[n,r]: 0.2561331325034237, product: 0.19052895093740727
phi_n.shape: (3,)
S[n,c]: 0.5953465605324814, S[n,r]: 0.5953465605324814, product: 0.24090903339462585
S[n,c]: 0.40465343946751864, S[n,r]: 0.5953465605324814, product: -0.24090903339462585
S[n,c]: 0.5953465605324814, S[n,r]: 0.40465343946751864, product: -0.24090903339462585
S[n,c]: 0.40465343946751864, S[n,r]: 0.40465343946751864, product: 0.24090903339462585
phi_n.shape: (3,)
S[n,c]: 0.8298260828741741, S[n,r]: 0.8298260828741741, product: 0.1412147550558784
S[n,c]: 0.17017391712582583, S[n,r]: 0.8298260828741741, product: -0.14121475505587838
S[n,c]: 0.8298260828741741, S[n,r]: 0.17017391712582583, product: -0.14121475505587838
S[n,c]: 0.17017391712582583, S[n,r]: 0.17017391712582583, product: 0.14121475505587838
phi_n.shape: (3,)
S[n,c]: 0.2721978647556332, S[n,r]: 0.2721978647556332, product: 0.1981061871781072
S[n,c]: 0.7278021352443667, S[n,r]: 0.2721978647556332, product: -0.19810618717810716
S[n,c]: 0.2721978647556332, S[n,r]: 0.7278021352443667, product: -0.19810618717810716
S[n,c]: 0.7278021352443667, S[n,r]: 0.7278021352443667, product: 0.1981061871781073
phi_n.shape: (3,)
S[n,c]: 0.8539616111306402, S[n,r]: 0.8539616111306402, product: 0.12471117784580146
S[n,c]: 0.1460383888693599, S[n,r]: 0.8539616111306402, product: -0.12471117784580153
S[n,c]: 0.8539616111306402, S[n,r]: 0.1460383888693599, product: -0.12471117784580153
S[n,c]: 0.1460383888693599, S[n,r]: 0.1460383888693599, product: 0.12471117784580152
phi_n.shape: (3,)
S[n,c]: 0.11659363033793887, S[n,r]: 0.11659363033793887, product: 0.10299955570255893
S[n,c]: 0.8834063696620611, S[n,r]: 0.11659363033793887, product: -0.10299955570255893
S[n,c]: 0.11659363033793887, S[n,r]: 0.8834063696620611, product: -0.10299955570255893
S[n,c]: 0.8834063696620611, S[n,r]: 0.8834063696620611, product: 0.10299955570255896
phi_n.shape: (3,)
S[n,c]: 0.7168914728470503, S[n,r]: 0.7168914728470503, product: 0.2029580890062372
S[n,c]: 0.28310852715294965, S[n,r]: 0.7168914728470503, product: -0.2029580890062372
S[n,c]: 0.7168914728470503, S[n,r]: 0.28310852715294965, product: -0.2029580890062372
S[n,c]: 0.28310852715294965, S[n,r]: 0.28310852715294965, product: 0.2029580890062372
phi_n.shape: (3,)
S[n,c]: 0.39688227834188256, S[n,r]: 0.39688227834188256, product: 0.239366735480039
S[n,c]: 0.6031177216581174, S[n,r]: 0.39688227834188256, product: -0.239366735480039
S[n,c]: 0.39688227834188256, S[n,r]: 0.6031177216581174, product: -0.239366735480039
S[n,c]: 0.6031177216581174, S[n,r]: 0.6031177216581174, product: 0.23936673548003903
del_w:
[ 0.1  0.  -0.1 -0.1 -0.   0.1]
H:
[[ 1.8253448266  0.1151375519  2.4491975179 -1.8253448266 -0.1151375519
  -2.4491975179]
 [ 0.1151375519  2.8465122874  0.4263389129 -0.1151375519 -2.8465122874
  -0.4263389129]
 [ 2.4491975179  0.4263389129  3.6927958905 -2.4491975179 -0.4263389129
  -3.6927958905]
 [-1.8253448266 -0.1151375519 -2.4491975179  1.8253448266  0.1151375519
   2.4491975179]
 [-0.1151375519 -2.8465122874 -0.4263389129  0.1151375519  2.8465122874
   0.4263389129]
 [-2.4491975179 -0.4263389129 -3.6927958905  2.4491975179  0.4263389129
   3.6927958905]]
H_inv:
[[ 0.8  0.  -0.2  0.2 -0.   0.2]
 [ 0.   0.6 -0.  -0.   0.4  0. ]
 [-0.2 -0.   0.7  0.2  0.   0.3]
 [ 0.2 -0.   0.2  0.8  0.  -0.2]
 [-0.   0.4  0.   0.   0.6 -0. ]
 [ 0.2  0.   0.3 -0.2 -0.   0.7]]
q: 7
W_old: [[-0.27700857  1.77300274]
 [-0.08003753  0.73277995]
 [ 1.17172528 -0.43198462]]
